25
25
 3
22
 7
22
 5
13
 4
 8
 7
 8
 9
22
13
23
13
13
 5
10
 4
12
 5
10
 8
20
25
22
25
10
20
 9
16
 5
19
 7
12
16
 7
19
 5
15
12
25
13
14
16
 8
 2
13
22
 4
 8
 2
18
20
 5
23
20
20
14
15
19
19
15
16
12
22
10
13
 2
14
17
 2
 7
10
15
17
22
11
25
 8
 7
17
 6
16
21
22
13
12
13
11
25
17
11
13
 9
20
20
 8
 5
11
12
22
11
16
10
19
10
 8
 7
 2
 5
20
22
13
11
 8
23
22
10
 3
16
10
 7
14
16
23
11
 9
13
19
22
19
25
 4
10
23
10
 2
 4
13
22
22
 5
17
11
 2
22
20
 7
22
14
14
12
11
22
 0
18
 5
 4
 7
14
 6
16
20
11
17
22
 6
 8
11
25
 2
 4
22
25
11
11
19
14
17
13
11
17
 7
11
 8
25
25
15
16
 9
17
25
15
13
12
 7
 6
11
 5
11
 5
14
10
16
15
13
12
17
14
17
12
 3
22
25
19
19
25
10
11
11
19
25
22
20
19
14
19
22
25
25
 6
12
 5
16
17
11
10
20
11
14
 9
25
14
15
22
10
12
 6
19
 8
18
 8
 9
 8
14
16
16
 5
23
 0
 3
 4
10
20
11
10
 8
22
19
14
13
16
 7
23
14
19
19
15
 5
13
19
 9
14
13
22
 5
 6
16
14
19
 4
19
22
14
15
16
 7
16
20
 5
 3
 6
13
16
16
22
 2
16
15
13
12
17
14
 7
25
19
14
 9
14
 4
 5
14
19
 4
10
20
16
17
18
20
 4
25
14
 5
 7
11
17
22
13
 6
14
 8
25
22
13
22
25
23
11
19
13
16
14
14
17
14
 8
17
25
16
22
 8
 8
25
16
14
10
13
 3
10
11
25
 0
 5
16
14
 7
11
 7
15
19
 7
17
12
16
19
15
14
20
23
 6
 7
16
17
10
12
14
17
19
17
25
 6
23
 7
18
16
14
17
19
20
13
13
22
11
19
16
 4
25
 5
18
15
17
14
 7
 9
18
 9
16
19
15
20
 2
 0
25
19
25
17
 3
 3
22
19
 0
 7
 8
25
11
19
 7
10
14
 6
13
 8
 5
14
16
 5
11
14
22
25
22
14
10
22
 2
22
 8
19
19
14
13
17
25
13
 9
17
 7
 8
22
16
 3
 8
14
16
 3
19
13
19
15
11
 9
22
 9
12
15
17
20
16
18
 5
20
16
12
 5
25
19
16
20
 5
 5
10
10
22
16
 3
 0
 8
25
 5
14
16
18
 9
13
20
16
 8
20
14
10
22
 4
 3
19
10
25
10
22
 2
 4
10
23
11
19
20
 7
14
22
25
22
22
17
12
14
16
22
17
 7
17
 0
20
 8
19
 9
20
19
18
15
21
25
 7
22
20
 5
